{
 "cells": [
  {
   "cell_type": "markdown",
   "metadata": {},
   "source": [
    "# HiPPO Matrices\n",
    "---"
   ]
  },
  {
   "attachments": {},
   "cell_type": "markdown",
   "metadata": {},
   "source": [
    "## Table of Contents\n",
    "* [Loading In Necessary Packages](#load-packages)\n",
    "* [Instantiate The HiPPO Matrix](#instantiate-the-hippo-matrix)\n",
    "    * [Translated Legendre (LegT)](#translated-legendre-legt)\n",
    "        * [LegT](#legt)\n",
    "        * [LMU](#lmu)\n",
    "    * [Translated Laguerre (LagT)](#translated-laguerre-lagt)\n",
    "    * [Scaled Legendre (LegS)](#scaled-legendre-legs)\n",
    "    * [Fourier Basis](#fourier-basis)\n",
    "        * [Fourier Recurrent Unit (FRU)](#fourier-recurrent-unit-fru)\n",
    "        * [Truncated Fourier (FouT)](#truncated-fourier-fout)\n",
    "        * [Fourier With Decay (FourD)](#fourier-with-decay-fourd)\n",
    "* [Gu's Linear Time Invariant (LTI) HiPPO Operator](#gus-hippo-legt-operator)\n",
    "* [Gu's Scale invariant (LSI) HiPPO Operator](#gus-scale-invariant-hippo-legs-operator)\n",
    "* [Implementation Of General HiPPO Operator](#implementation-of-general-hippo-operator)\n",
    "* [Test Generalized Bilinear Transform and Zero Order Hold Matrices](#test-generalized-bilinear-transform-and-zero-order-hold-matrices)\n",
    "    * [Testing Forward Euler on GBT matrices](#testing-forward-euler-transform-for-lti-and-lsi)\n",
    "    * [Testing Backward Euler on GBT matrices](#testing-backward-euler-transform-for-lti-and-lsi-on-legs-matrices)\n",
    "    * [Testing Bidirectional on GBT matrices](#testing-lti-and-lsi-operators-with-bidirectional-transform)\n",
    "    * [Testing ZOH on GBT matrices](#testing-zoh-transform-for-lti-and-lsi-on-legs-matrices)\n",
    "* [Testing HiPPO Operators](#test-hippo-operators)\n",
    "    * [Testing Forward Euler on HiPPO Operators](#testing-lti-and-lsi-operators-with-forward-euler-transform)\n",
    "    * [Testing Backward Euler on HiPPO Operators](#testing-lti-and-lsi-operators-with-backward-euler-transform)\n",
    "    * [Testing Bidirectional on HiPPO Operators](#testing-lti-and-lsi-operators-with-bidirectional-transform)\n",
    "    * [Testing ZOH on HiPPO Operators](#testing-lti-and-lsi-operators-with-zoh-transform)\n",
    "---\n"
   ]
  },
  {
   "cell_type": "markdown",
   "metadata": {},
   "source": [
    "## Load Packages"
   ]
  },
  {
   "cell_type": "code",
   "execution_count": 1,
   "metadata": {},
   "outputs": [],
   "source": [
    "import os\n",
    "import sys\n",
    "\n",
    "module_path = os.path.abspath(os.path.join(\"../../../\"))\n",
    "if module_path not in sys.path:\n",
    "    sys.path.append(module_path)"
   ]
  },
  {
   "cell_type": "code",
   "execution_count": null,
   "metadata": {},
   "outputs": [],
   "source": [
    "os.environ[\"TF_FORCE_UNIFIED_MEMORY\"] = \"1\""
   ]
  },
  {
   "cell_type": "code",
   "execution_count": 2,
   "metadata": {},
   "outputs": [],
   "source": [
    "## import packages\n",
    "import jax\n",
    "import jax.numpy as jnp\n",
    "import numpy as np\n",
    "import torch\n",
    "\n",
    "from src.models.hippo.hr_transition import HRTransMatrix\n",
    "\n",
    "# import modules\n",
    "from src.models.hippo.transition import TransMatrix"
   ]
  },
  {
   "cell_type": "code",
   "execution_count": 3,
   "metadata": {},
   "outputs": [
    {
     "name": "stdout",
     "output_type": "stream",
     "text": [
      "[StreamExecutorGpuDevice(id=0, process_index=0, slice_index=0)]\n",
      "The Device: gpu\n"
     ]
    }
   ],
   "source": [
    "print(jax.devices())\n",
    "print(f\"The Device: {jax.lib.xla_bridge.get_backend().platform}\")"
   ]
  },
  {
   "cell_type": "code",
   "execution_count": 4,
   "metadata": {},
   "outputs": [
    {
     "name": "stdout",
     "output_type": "stream",
     "text": [
      "MPS enabled: False\n"
     ]
    }
   ],
   "source": [
    "print(f\"MPS enabled: {torch.backends.mps.is_available()}\")"
   ]
  },
  {
   "attachments": {},
   "cell_type": "markdown",
   "metadata": {},
   "source": [
    "Make sure print statements are of a certain width"
   ]
  },
  {
   "cell_type": "code",
   "execution_count": 5,
   "metadata": {},
   "outputs": [],
   "source": [
    "torch.set_printoptions(linewidth=150)\n",
    "np.set_printoptions(linewidth=150)\n",
    "jnp.set_printoptions(linewidth=150)"
   ]
  },
  {
   "cell_type": "code",
   "execution_count": 6,
   "metadata": {},
   "outputs": [],
   "source": [
    "seed = 1701\n",
    "key = jax.random.PRNGKey(seed)"
   ]
  },
  {
   "cell_type": "code",
   "execution_count": 7,
   "metadata": {},
   "outputs": [],
   "source": [
    "num_copies = 5\n",
    "subkeys = jax.random.split(key, num=num_copies)\n",
    "key = subkeys[0]"
   ]
  },
  {
   "attachments": {},
   "cell_type": "markdown",
   "metadata": {},
   "source": [
    "set number of coefficients we wish to use to approximate the original signal"
   ]
  },
  {
   "cell_type": "code",
   "execution_count": 8,
   "metadata": {},
   "outputs": [],
   "source": [
    "num_of_coef = 8"
   ]
  },
  {
   "cell_type": "markdown",
   "metadata": {},
   "source": [
    "## Translated Legendre (LegT)"
   ]
  },
  {
   "cell_type": "markdown",
   "metadata": {},
   "source": [
    "### LegT"
   ]
  },
  {
   "cell_type": "code",
   "execution_count": 9,
   "metadata": {},
   "outputs": [],
   "source": [
    "def test_LegT(N):\n",
    "    legt_matrices = TransMatrix(N=N, measure=\"legt\", lambda_n=1.0)\n",
    "    A, B = legt_matrices.A, legt_matrices.B\n",
    "    hr_legt_matrices = HRTransMatrix(N=N, measure=\"legt\", lambda_n=1.0)\n",
    "    hr_A, hr_B = hr_legt_matrices.A, hr_legt_matrices.B\n",
    "    print(f\"A:\\n\", A)\n",
    "    print(f\"Gu's A:\\n\", hr_A)\n",
    "    print(f\"B:\\n\", B)\n",
    "    print(f\"Gu's B:\\n\", hr_B)\n",
    "    assert jnp.allclose(A, hr_A)\n",
    "    assert jnp.allclose(B, hr_B)"
   ]
  },
  {
   "cell_type": "code",
   "execution_count": 10,
   "metadata": {},
   "outputs": [
    {
     "name": "stdout",
     "output_type": "stream",
     "text": [
      "A:\n",
      " [[ -1.          1.7320508  -2.2360678   2.6457512  -3.          3.3166246  -3.6055512   3.8729832]\n",
      " [ -1.7320508  -3.          3.872983   -4.5825753   5.196152   -5.744562    6.244998   -6.708204 ]\n",
      " [ -2.2360678  -3.872983   -4.999999    5.916079   -6.7082033   7.4161973  -8.062257    8.660253 ]\n",
      " [ -2.6457512  -4.5825753  -5.916079   -6.9999995   7.937254   -8.774963    9.5393915 -10.24695  ]\n",
      " [ -3.         -5.196152   -6.7082033  -7.937254   -9.          9.949874  -10.816654   11.61895  ]\n",
      " [ -3.3166246  -5.744562   -7.4161973  -8.774963   -9.949874  -10.999999   11.958261  -12.845232 ]\n",
      " [ -3.6055512  -6.244998   -8.062257   -9.5393915 -10.816654  -11.958261  -13.         13.964239 ]\n",
      " [ -3.8729832  -6.708204   -8.660253  -10.24695   -11.61895   -12.845232  -13.964239  -14.999999 ]]\n",
      "Gu's A:\n",
      " [[ -1.          1.7320508  -2.2360678   2.6457512  -3.          3.3166246  -3.6055512   3.8729832]\n",
      " [ -1.7320508  -3.          3.872983   -4.5825753   5.196152   -5.744562    6.244998   -6.708204 ]\n",
      " [ -2.2360678  -3.872983   -4.999999    5.916079   -6.7082033   7.4161973  -8.062257    8.660253 ]\n",
      " [ -2.6457512  -4.5825753  -5.916079   -6.9999995   7.937254   -8.774963    9.5393915 -10.24695  ]\n",
      " [ -3.         -5.196152   -6.7082033  -7.937254   -9.          9.949874  -10.816654   11.61895  ]\n",
      " [ -3.3166246  -5.744562   -7.4161973  -8.774963   -9.949874  -10.999999   11.958261  -12.845232 ]\n",
      " [ -3.6055512  -6.244998   -8.062257   -9.5393915 -10.816654  -11.958261  -13.         13.964239 ]\n",
      " [ -3.8729832  -6.708204   -8.660253  -10.24695   -11.61895   -12.845232  -13.964239  -14.999999 ]]\n",
      "B:\n",
      " [[1.       ]\n",
      " [1.7320508]\n",
      " [2.2360678]\n",
      " [2.6457512]\n",
      " [3.       ]\n",
      " [3.3166246]\n",
      " [3.6055512]\n",
      " [3.8729832]]\n",
      "Gu's B:\n",
      " [[1.       ]\n",
      " [1.7320508]\n",
      " [2.2360678]\n",
      " [2.6457512]\n",
      " [3.       ]\n",
      " [3.3166246]\n",
      " [3.6055512]\n",
      " [3.8729832]]\n"
     ]
    }
   ],
   "source": [
    "test_LegT(N=num_of_coef)"
   ]
  },
  {
   "cell_type": "markdown",
   "metadata": {},
   "source": [
    "### LMU"
   ]
  },
  {
   "cell_type": "code",
   "execution_count": 11,
   "metadata": {},
   "outputs": [],
   "source": [
    "def test_LMU(N):\n",
    "    lmu_matrices = TransMatrix(\n",
    "        N=N, measure=\"lmu\", lambda_n=2.0\n",
    "    )  # change lambda so resulting matrix is in the form of LMU\n",
    "    A, B = lmu_matrices.A, lmu_matrices.B\n",
    "    hr_lmu_matrices = HRTransMatrix(\n",
    "        N=N, measure=\"lmu\", lambda_n=2.0\n",
    "    )  # change lambda so resulting matrix is in the form of LMU\n",
    "    hr_A, hr_B = hr_lmu_matrices.A, hr_lmu_matrices.B\n",
    "    print(f\"A:\\n\", A)\n",
    "    print(f\"Gu's A:\\n\", hr_A)\n",
    "    print(f\"B:\\n\", B)\n",
    "    print(f\"Gu's B:\\n\", hr_B)\n",
    "    assert jnp.allclose(A, hr_A)\n",
    "    assert jnp.allclose(B, hr_B)"
   ]
  },
  {
   "cell_type": "code",
   "execution_count": 12,
   "metadata": {},
   "outputs": [
    {
     "name": "stdout",
     "output_type": "stream",
     "text": [
      "A:\n",
      " [[ -1.  -1.  -1.  -1.  -1.  -1.  -1.  -1.]\n",
      " [  3.  -3.  -3.  -3.  -3.  -3.  -3.  -3.]\n",
      " [ -5.   5.  -5.  -5.  -5.  -5.  -5.  -5.]\n",
      " [  7.  -7.   7.  -7.  -7.  -7.  -7.  -7.]\n",
      " [ -9.   9.  -9.   9.  -9.  -9.  -9.  -9.]\n",
      " [ 11. -11.  11. -11.  11. -11. -11. -11.]\n",
      " [-13.  13. -13.  13. -13.  13. -13. -13.]\n",
      " [ 15. -15.  15. -15.  15. -15.  15. -15.]]\n",
      "Gu's A:\n",
      " [[ -1.  -1.  -1.  -1.  -1.  -1.  -1.  -1.]\n",
      " [  3.  -3.  -3.  -3.  -3.  -3.  -3.  -3.]\n",
      " [ -5.   5.  -5.  -5.  -5.  -5.  -5.  -5.]\n",
      " [  7.  -7.   7.  -7.  -7.  -7.  -7.  -7.]\n",
      " [ -9.   9.  -9.   9.  -9.  -9.  -9.  -9.]\n",
      " [ 11. -11.  11. -11.  11. -11. -11. -11.]\n",
      " [-13.  13. -13.  13. -13.  13. -13. -13.]\n",
      " [ 15. -15.  15. -15.  15. -15.  15. -15.]]\n",
      "B:\n",
      " [[  1.]\n",
      " [ -3.]\n",
      " [  5.]\n",
      " [ -7.]\n",
      " [  9.]\n",
      " [-11.]\n",
      " [ 13.]\n",
      " [-15.]]\n",
      "Gu's B:\n",
      " [[  1.]\n",
      " [ -3.]\n",
      " [  5.]\n",
      " [ -7.]\n",
      " [  9.]\n",
      " [-11.]\n",
      " [ 13.]\n",
      " [-15.]]\n"
     ]
    }
   ],
   "source": [
    "test_LMU(N=num_of_coef)"
   ]
  },
  {
   "cell_type": "markdown",
   "metadata": {},
   "source": [
    "## Translated Laguerre (LagT)"
   ]
  },
  {
   "cell_type": "code",
   "execution_count": 13,
   "metadata": {},
   "outputs": [],
   "source": [
    "def test_LagT(N):\n",
    "    lagt_matrices = TransMatrix(\n",
    "        N=N,\n",
    "        measure=\"lagt\",\n",
    "        alpha=0.0,  # change resulting tilt through alpha and beta\n",
    "        beta=1.0,\n",
    "    )  # change resulting tilt through alpha and beta\n",
    "    A, B = lagt_matrices.A, lagt_matrices.B\n",
    "    hr_lagt_matrices = HRTransMatrix(\n",
    "        N=N,\n",
    "        measure=\"lagt\",\n",
    "        alpha=0.0,  # change resulting tilt through alpha and beta\n",
    "        beta=1.0,\n",
    "    )  # change resulting tilt through alpha and beta\n",
    "    hr_A, hr_B = hr_lagt_matrices.A, hr_lagt_matrices.B\n",
    "    print(f\"A:\\n\", A)\n",
    "    print(f\"Gu's A:\\n\", hr_A)\n",
    "    print(f\"B:\\n\", B)\n",
    "    print(f\"Gu's B:\\n\", hr_B)\n",
    "    assert jnp.allclose(A, hr_A)\n",
    "    assert jnp.allclose(B, hr_B)"
   ]
  },
  {
   "cell_type": "code",
   "execution_count": 14,
   "metadata": {},
   "outputs": [
    {
     "name": "stdout",
     "output_type": "stream",
     "text": [
      "A:\n",
      " [[-1.         -0.         -0.         -0.         -0.         -0.         -0.         -0.        ]\n",
      " [-1.         -1.         -0.         -0.         -0.         -0.         -0.         -0.        ]\n",
      " [-1.         -1.         -1.         -0.         -0.         -0.         -0.         -0.        ]\n",
      " [-1.         -1.         -1.         -1.         -0.         -0.         -0.         -0.        ]\n",
      " [-1.         -1.         -1.         -1.         -1.         -0.         -0.         -0.        ]\n",
      " [-1.         -1.         -1.         -1.         -1.         -1.         -0.         -0.        ]\n",
      " [-1.         -1.         -1.         -1.         -1.         -1.         -1.         -0.        ]\n",
      " [-0.99999976 -0.99999976 -0.99999976 -0.99999976 -0.99999976 -0.99999976 -0.99999976 -1.        ]]\n",
      "Gu's A:\n",
      " [[-1.         -0.         -0.         -0.         -0.         -0.         -0.         -0.        ]\n",
      " [-1.         -1.         -0.         -0.         -0.         -0.         -0.         -0.        ]\n",
      " [-1.         -1.         -1.         -0.         -0.         -0.         -0.         -0.        ]\n",
      " [-1.         -1.         -1.         -1.         -0.         -0.         -0.         -0.        ]\n",
      " [-1.         -1.         -1.         -1.         -1.         -0.         -0.         -0.        ]\n",
      " [-1.         -1.         -1.         -1.         -1.         -1.         -0.         -0.        ]\n",
      " [-1.         -1.         -1.         -1.         -1.         -1.         -1.         -0.        ]\n",
      " [-0.99999976 -0.99999976 -0.99999976 -0.99999976 -0.99999976 -0.99999976 -0.99999976 -1.        ]]\n",
      "B:\n",
      " [[1.        ]\n",
      " [1.        ]\n",
      " [1.        ]\n",
      " [1.        ]\n",
      " [1.        ]\n",
      " [1.        ]\n",
      " [1.        ]\n",
      " [0.99999976]]\n",
      "Gu's B:\n",
      " [[1.        ]\n",
      " [1.        ]\n",
      " [1.        ]\n",
      " [1.        ]\n",
      " [1.        ]\n",
      " [1.        ]\n",
      " [1.        ]\n",
      " [0.99999976]]\n"
     ]
    }
   ],
   "source": [
    "test_LagT(N=num_of_coef)"
   ]
  },
  {
   "cell_type": "markdown",
   "metadata": {},
   "source": [
    "## Scaled Legendre (LegS)"
   ]
  },
  {
   "cell_type": "code",
   "execution_count": 15,
   "metadata": {},
   "outputs": [],
   "source": [
    "def test_LegS(N):\n",
    "    legs_matrices = TransMatrix(N=N, measure=\"legs\")\n",
    "    A, B = legs_matrices.A, legs_matrices.B\n",
    "    hr_legs_matrices = HRTransMatrix(N=N, measure=\"legs\")\n",
    "    hr_A, hr_B = hr_legs_matrices.A, hr_legs_matrices.B\n",
    "    print(f\"A:\\n\", A)\n",
    "    print(f\"Gu's A:\\n\", hr_A)\n",
    "    print(f\"B:\\n\", B)\n",
    "    print(f\"Gu's B:\\n\", hr_B)\n",
    "    assert jnp.allclose(A, hr_A)\n",
    "    assert jnp.allclose(B, hr_B)"
   ]
  },
  {
   "cell_type": "code",
   "execution_count": 16,
   "metadata": {},
   "outputs": [
    {
     "name": "stdout",
     "output_type": "stream",
     "text": [
      "A:\n",
      " [[ -1.         -0.         -0.         -0.         -0.         -0.         -0.         -0.       ]\n",
      " [ -1.7320508  -2.         -0.         -0.         -0.         -0.         -0.         -0.       ]\n",
      " [ -2.2360678  -3.872983   -3.         -0.         -0.         -0.         -0.         -0.       ]\n",
      " [ -2.6457512  -4.5825753  -5.916079   -4.         -0.         -0.         -0.         -0.       ]\n",
      " [ -3.         -5.196152   -6.7082033  -7.937254   -5.         -0.         -0.         -0.       ]\n",
      " [ -3.3166246  -5.744562   -7.4161973  -8.774963   -9.949874   -6.         -0.         -0.       ]\n",
      " [ -3.6055512  -6.244998   -8.062257   -9.5393915 -10.816654  -11.958261   -7.         -0.       ]\n",
      " [ -3.8729832  -6.708204   -8.660253  -10.24695   -11.61895   -12.845232  -13.964239   -8.       ]]\n",
      "Gu's A:\n",
      " [[ -1.          0.          0.          0.          0.          0.          0.          0.       ]\n",
      " [ -1.7320508  -1.9999999   0.          0.          0.          0.          0.          0.       ]\n",
      " [ -2.2360678  -3.872983   -3.          0.          0.          0.          0.          0.       ]\n",
      " [ -2.6457512  -4.582576   -5.91608    -4.          0.          0.          0.          0.       ]\n",
      " [ -3.         -5.196152   -6.7082047  -7.9372544  -5.          0.          0.          0.       ]\n",
      " [ -3.3166246  -5.744562   -7.4161987  -8.774965   -9.949874   -6.          0.          0.       ]\n",
      " [ -3.6055512  -6.244998   -8.062259   -9.539392  -10.816654  -11.958261   -7.          0.       ]\n",
      " [ -3.8729832  -6.708204   -8.6602545 -10.246951  -11.61895   -12.845232  -13.964239   -7.9999995]]\n",
      "B:\n",
      " [[1.       ]\n",
      " [1.7320508]\n",
      " [2.2360678]\n",
      " [2.6457512]\n",
      " [3.       ]\n",
      " [3.3166246]\n",
      " [3.6055512]\n",
      " [3.8729832]]\n",
      "Gu's B:\n",
      " [[1.       ]\n",
      " [1.7320508]\n",
      " [2.2360678]\n",
      " [2.6457512]\n",
      " [3.       ]\n",
      " [3.3166246]\n",
      " [3.6055512]\n",
      " [3.8729832]]\n"
     ]
    }
   ],
   "source": [
    "test_LegS(N=num_of_coef)"
   ]
  },
  {
   "cell_type": "markdown",
   "metadata": {},
   "source": [
    "## Fourier Basis"
   ]
  },
  {
   "cell_type": "markdown",
   "metadata": {},
   "source": [
    "### Fourier Recurrent Unit (FRU)"
   ]
  },
  {
   "cell_type": "code",
   "execution_count": 17,
   "metadata": {},
   "outputs": [],
   "source": [
    "def test_FRU(N):\n",
    "    fru_matrices = TransMatrix(N=N, measure=\"fru\")\n",
    "    A, B = fru_matrices.A, fru_matrices.B\n",
    "    hr_fru_matrices = HRTransMatrix(N=N, measure=\"fru\")\n",
    "    hr_A, hr_B = hr_fru_matrices.A, hr_fru_matrices.B\n",
    "    print(f\"A:\\n\", A)\n",
    "    print(f\"Gu's A:\\n\", hr_A)\n",
    "    print(f\"B:\\n\", B)\n",
    "    print(f\"Gu's B:\\n\", hr_B)\n",
    "    assert jnp.allclose(A, hr_A)\n",
    "    assert jnp.allclose(B, hr_B)"
   ]
  },
  {
   "cell_type": "code",
   "execution_count": 18,
   "metadata": {},
   "outputs": [
    {
     "name": "stdout",
     "output_type": "stream",
     "text": [
      "A:\n",
      " [[-1.        -0.        -1.4142135  0.        -1.4142135  0.        -1.4142135  0.       ]\n",
      " [ 0.         0.         0.         0.         0.         0.         0.         0.       ]\n",
      " [-1.4142135  0.        -2.        -3.1415927 -2.         0.        -2.         0.       ]\n",
      " [ 0.         0.         3.1415927  0.         0.         0.         0.         0.       ]\n",
      " [-1.4142135  0.        -2.         0.        -2.        -6.2831855 -2.         0.       ]\n",
      " [ 0.         0.         0.         0.         6.2831855  0.         0.         0.       ]\n",
      " [-1.4142135  0.        -2.         0.        -2.         0.        -2.        -9.424778 ]\n",
      " [ 0.         0.         0.         0.         0.         0.         9.424778   0.       ]]\n",
      "Gu's A:\n",
      " [[-1.         0.        -1.4142135  0.        -1.4142135  0.        -1.4142135  0.       ]\n",
      " [ 0.         0.         0.         0.         0.         0.         0.         0.       ]\n",
      " [-1.4142135  0.        -1.9999999 -3.1415927 -1.9999999  0.        -1.9999999  0.       ]\n",
      " [ 0.         0.         3.1415927  0.         0.         0.         0.         0.       ]\n",
      " [-1.4142135  0.        -1.9999999  0.        -1.9999999 -6.2831855 -1.9999999  0.       ]\n",
      " [ 0.         0.         0.         0.         6.2831855  0.         0.         0.       ]\n",
      " [-1.4142135  0.        -1.9999999  0.        -1.9999999  0.        -1.9999999 -9.424778 ]\n",
      " [ 0.         0.         0.         0.         0.         0.         9.424778   0.       ]]\n",
      "B:\n",
      " [[1.       ]\n",
      " [0.       ]\n",
      " [1.4142135]\n",
      " [0.       ]\n",
      " [1.4142135]\n",
      " [0.       ]\n",
      " [1.4142135]\n",
      " [0.       ]]\n",
      "Gu's B:\n",
      " [[1.       ]\n",
      " [0.       ]\n",
      " [1.4142135]\n",
      " [0.       ]\n",
      " [1.4142135]\n",
      " [0.       ]\n",
      " [1.4142135]\n",
      " [0.       ]]\n"
     ]
    }
   ],
   "source": [
    "test_FRU(N=num_of_coef)"
   ]
  },
  {
   "cell_type": "markdown",
   "metadata": {},
   "source": [
    "### Truncated Fourier (FouT)"
   ]
  },
  {
   "cell_type": "code",
   "execution_count": 19,
   "metadata": {},
   "outputs": [],
   "source": [
    "def test_FouT(N):\n",
    "    fout_matrices = TransMatrix(N=N, measure=\"fout\")\n",
    "    A, B = fout_matrices.A, fout_matrices.B\n",
    "    hr_fout_matrices = HRTransMatrix(N=N, measure=\"fout\")\n",
    "    hr_A, hr_B = hr_fout_matrices.A, hr_fout_matrices.B\n",
    "    print(f\"A:\\n\", A)\n",
    "    print(f\"Gu's A:\\n\", hr_A)\n",
    "    print(f\"B:\\n\", B)\n",
    "    print(f\"Gu's B:\\n\", hr_B)\n",
    "    assert jnp.allclose(A, hr_A)\n",
    "    assert jnp.allclose(B, hr_B)"
   ]
  },
  {
   "cell_type": "code",
   "execution_count": 20,
   "metadata": {},
   "outputs": [
    {
     "name": "stdout",
     "output_type": "stream",
     "text": [
      "A:\n",
      " [[ -2.         -0.         -2.828427    0.         -2.828427    0.         -2.828427    0.       ]\n",
      " [  0.          0.          0.          0.          0.          0.          0.          0.       ]\n",
      " [ -2.828427    0.         -4.         -6.2831855  -4.          0.         -4.          0.       ]\n",
      " [  0.          0.          6.2831855   0.          0.          0.          0.          0.       ]\n",
      " [ -2.828427    0.         -4.          0.         -4.        -12.566371   -4.          0.       ]\n",
      " [  0.          0.          0.          0.         12.566371    0.          0.          0.       ]\n",
      " [ -2.828427    0.         -4.          0.         -4.          0.         -4.        -18.849556 ]\n",
      " [  0.          0.          0.          0.          0.          0.         18.849556    0.       ]]\n",
      "Gu's A:\n",
      " [[ -2.          0.         -2.828427    0.         -2.828427    0.         -2.828427    0.       ]\n",
      " [  0.          0.          0.          0.          0.          0.          0.          0.       ]\n",
      " [ -2.828427    0.         -3.9999998  -6.2831855  -3.9999998   0.         -3.9999998   0.       ]\n",
      " [  0.          0.          6.2831855   0.          0.          0.          0.          0.       ]\n",
      " [ -2.828427    0.         -3.9999998   0.         -3.9999998 -12.566371   -3.9999998   0.       ]\n",
      " [  0.          0.          0.          0.         12.566371    0.          0.          0.       ]\n",
      " [ -2.828427    0.         -3.9999998   0.         -3.9999998   0.         -3.9999998 -18.849556 ]\n",
      " [  0.          0.          0.          0.          0.          0.         18.849556    0.       ]]\n",
      "B:\n",
      " [[2.      ]\n",
      " [0.      ]\n",
      " [2.828427]\n",
      " [0.      ]\n",
      " [2.828427]\n",
      " [0.      ]\n",
      " [2.828427]\n",
      " [0.      ]]\n",
      "Gu's B:\n",
      " [[2.      ]\n",
      " [0.      ]\n",
      " [2.828427]\n",
      " [0.      ]\n",
      " [2.828427]\n",
      " [0.      ]\n",
      " [2.828427]\n",
      " [0.      ]]\n"
     ]
    }
   ],
   "source": [
    "test_FouT(N=num_of_coef)"
   ]
  },
  {
   "cell_type": "markdown",
   "metadata": {},
   "source": [
    "### Fourier With Decay (FourD)"
   ]
  },
  {
   "cell_type": "code",
   "execution_count": 21,
   "metadata": {},
   "outputs": [],
   "source": [
    "def test_FouD(N):\n",
    "    the_measure = \"foud\"\n",
    "    foud_matrices = TransMatrix(N=N, measure=\"foud\")\n",
    "    A, B = foud_matrices.A, foud_matrices.B\n",
    "    hr_foud_matrices = HRTransMatrix(N=N, measure=\"foud\")\n",
    "    hr_A, hr_B = hr_foud_matrices.A, hr_foud_matrices.B\n",
    "    print(f\"A:\\n\", A)\n",
    "    print(f\"Gu's A:\\n\", hr_A)\n",
    "    print(f\"B:\\n\", B)\n",
    "    print(f\"Gu's B:\\n\", hr_B)\n",
    "    assert jnp.allclose(A, hr_A)\n",
    "    assert jnp.allclose(B, hr_B)"
   ]
  },
  {
   "cell_type": "code",
   "execution_count": 22,
   "metadata": {},
   "outputs": [
    {
     "name": "stdout",
     "output_type": "stream",
     "text": [
      "A:\n",
      " [[-0.5        -0.         -0.70710677  0.         -0.70710677  0.         -0.70710677  0.        ]\n",
      " [ 0.          0.          0.          0.          0.          0.          0.          0.        ]\n",
      " [-0.70710677  0.         -1.         -3.1415927  -1.          0.         -1.          0.        ]\n",
      " [ 0.          0.          3.1415927   0.          0.          0.          0.          0.        ]\n",
      " [-0.70710677  0.         -1.          0.         -1.         -6.2831855  -1.          0.        ]\n",
      " [ 0.          0.          0.          0.          6.2831855   0.          0.          0.        ]\n",
      " [-0.70710677  0.         -1.          0.         -1.          0.         -1.         -9.424778  ]\n",
      " [ 0.          0.          0.          0.          0.          0.          9.424778    0.        ]]\n",
      "Gu's A:\n",
      " [[-0.5         0.         -0.70710677  0.         -0.70710677  0.         -0.70710677  0.        ]\n",
      " [ 0.          0.          0.          0.          0.          0.          0.          0.        ]\n",
      " [-0.70710677  0.         -0.99999994 -3.1415927  -0.99999994  0.         -0.99999994  0.        ]\n",
      " [ 0.          0.          3.1415927   0.          0.          0.          0.          0.        ]\n",
      " [-0.70710677  0.         -0.99999994  0.         -0.99999994 -6.2831855  -0.99999994  0.        ]\n",
      " [ 0.          0.          0.          0.          6.2831855   0.          0.          0.        ]\n",
      " [-0.70710677  0.         -0.99999994  0.         -0.99999994  0.         -0.99999994 -9.424778  ]\n",
      " [ 0.          0.          0.          0.          0.          0.          9.424778    0.        ]]\n",
      "B:\n",
      " [[0.5       ]\n",
      " [0.        ]\n",
      " [0.70710677]\n",
      " [0.        ]\n",
      " [0.70710677]\n",
      " [0.        ]\n",
      " [0.70710677]\n",
      " [0.        ]]\n",
      "Gu's B:\n",
      " [[0.5       ]\n",
      " [0.        ]\n",
      " [0.70710677]\n",
      " [0.        ]\n",
      " [0.70710677]\n",
      " [0.        ]\n",
      " [0.70710677]\n",
      " [0.        ]]\n"
     ]
    }
   ],
   "source": [
    "test_FouD(N=num_of_coef)"
   ]
  }
 ],
 "metadata": {
  "kernelspec": {
   "display_name": "s4mer-pkg-jZnBSgjq-py3.8",
   "language": "python",
   "name": "python3"
  },
  "language_info": {
   "codemirror_mode": {
    "name": "ipython",
    "version": 3
   },
   "file_extension": ".py",
   "mimetype": "text/x-python",
   "name": "python",
   "nbconvert_exporter": "python",
   "pygments_lexer": "ipython3",
   "version": "3.8.13"
  },
  "orig_nbformat": 4,
  "vscode": {
   "interpreter": {
    "hash": "0a81e05d1d7f7eae781698b7c1b81c0d771335201ebad1d81045cb177cef974b"
   }
  }
 },
 "nbformat": 4,
 "nbformat_minor": 2
}
