{
 "cells": [
  {
   "cell_type": "markdown",
   "metadata": {},
   "source": [
    "# HiPPO Matrices\n",
    "---"
   ]
  },
  {
   "attachments": {},
   "cell_type": "markdown",
   "metadata": {},
   "source": [
    "## Table of Contents\n",
    "* [Loading In Necessary Packages](#load-packages)\n",
    "* [Instantiate The HiPPO Matrix](#instantiate-the-hippo-matrix)\n",
    "    * [Translated Legendre (LegT)](#translated-legendre-legt)\n",
    "        * [LegT](#legt)\n",
    "        * [LMU](#lmu)\n",
    "    * [Translated Laguerre (LagT)](#translated-laguerre-lagt)\n",
    "    * [Scaled Legendre (LegS)](#scaled-legendre-legs)\n",
    "    * [Fourier Basis](#fourier-basis)\n",
    "        * [Fourier Recurrent Unit (FRU)](#fourier-recurrent-unit-fru)\n",
    "        * [Truncated Fourier (FouT)](#truncated-fourier-fout)\n",
    "        * [Fourier With Decay (FourD)](#fourier-with-decay-fourd)\n",
    "* [Gu's Linear Time Invariant (LTI) HiPPO Operator](#gus-hippo-legt-operator)\n",
    "* [Gu's Scale invariant (LSI) HiPPO Operator](#gus-scale-invariant-hippo-legs-operator)\n",
    "* [Implementation Of General HiPPO Operator](#implementation-of-general-hippo-operator)\n",
    "* [Test Generalized Bilinear Transform and Zero Order Hold Matrices](#test-generalized-bilinear-transform-and-zero-order-hold-matrices)\n",
    "    * [Testing Forward Euler on GBT matrices](#testing-forward-euler-transform-for-lti-and-lsi)\n",
    "    * [Testing Backward Euler on GBT matrices](#testing-backward-euler-transform-for-lti-and-lsi-on-legs-matrices)\n",
    "    * [Testing Bidirectional on GBT matrices](#testing-lti-and-lsi-operators-with-bidirectional-transform)\n",
    "    * [Testing ZOH on GBT matrices](#testing-zoh-transform-for-lti-and-lsi-on-legs-matrices)\n",
    "* [Testing HiPPO Operators](#test-hippo-operators)\n",
    "    * [Testing Forward Euler on HiPPO Operators](#testing-lti-and-lsi-operators-with-forward-euler-transform)\n",
    "    * [Testing Backward Euler on HiPPO Operators](#testing-lti-and-lsi-operators-with-backward-euler-transform)\n",
    "    * [Testing Bidirectional on HiPPO Operators](#testing-lti-and-lsi-operators-with-bidirectional-transform)\n",
    "    * [Testing ZOH on HiPPO Operators](#testing-lti-and-lsi-operators-with-zoh-transform)\n",
    "---\n"
   ]
  },
  {
   "cell_type": "markdown",
   "metadata": {},
   "source": [
    "## Load Packages"
   ]
  },
  {
   "cell_type": "code",
   "execution_count": 1,
   "metadata": {},
   "outputs": [],
   "source": [
    "import os\n",
    "import sys\n",
    "\n",
    "module_path = os.path.abspath(os.path.join(\"../../../\"))\n",
    "if module_path not in sys.path:\n",
    "    sys.path.append(module_path)"
   ]
  },
  {
   "cell_type": "code",
   "execution_count": 2,
   "metadata": {},
   "outputs": [
    {
     "name": "stderr",
     "output_type": "stream",
     "text": [
      "2023-01-07 23:02:25.550775: W external/org_tensorflow/tensorflow/compiler/xla/service/platform_util.cc:198] unable to create StreamExecutor for CUDA:0: failed initializing StreamExecutor for CUDA device ordinal 0: INTERNAL: failed call to cuDevicePrimaryCtxRetain: CUDA_ERROR_OUT_OF_MEMORY: out of memory; total memory reported: 10492772352\n",
      "No GPU/TPU found, falling back to CPU. (Set TF_CPP_MIN_LOG_LEVEL=0 and rerun for more info.)\n"
     ]
    },
    {
     "name": "stdout",
     "output_type": "stream",
     "text": [
      "[CpuDevice(id=0)]\n",
      "The Device: cpu\n"
     ]
    }
   ],
   "source": [
    "## import packages\n",
    "import jax\n",
    "import jax.numpy as jnp\n",
    "import numpy as np\n",
    "import torch\n",
    "\n",
    "from src.models.hippo.gu_transition import HRTransMatrix\n",
    "\n",
    "# import modules\n",
    "from src.models.hippo.transition import TransMatrix"
   ]
  },
  {
   "cell_type": "code",
   "execution_count": null,
   "metadata": {},
   "outputs": [],
   "source": [
    "print(jax.devices())\n",
    "print(f\"The Device: {jax.lib.xla_bridge.get_backend().platform}\")"
   ]
  },
  {
   "cell_type": "code",
   "execution_count": 3,
   "metadata": {},
   "outputs": [
    {
     "name": "stdout",
     "output_type": "stream",
     "text": [
      "MPS enabled: False\n"
     ]
    }
   ],
   "source": [
    "print(f\"MPS enabled: {torch.backends.mps.is_available()}\")"
   ]
  },
  {
   "cell_type": "code",
   "execution_count": 4,
   "metadata": {},
   "outputs": [],
   "source": [
    "torch.set_printoptions(linewidth=150)\n",
    "np.set_printoptions(linewidth=150)\n",
    "jnp.set_printoptions(linewidth=150)"
   ]
  },
  {
   "cell_type": "code",
   "execution_count": 5,
   "metadata": {},
   "outputs": [],
   "source": [
    "seed = 1701\n",
    "key = jax.random.PRNGKey(seed)"
   ]
  },
  {
   "cell_type": "code",
   "execution_count": 6,
   "metadata": {},
   "outputs": [],
   "source": [
    "num_copies = 5\n",
    "subkeys = jax.random.split(key, num=num_copies)\n",
    "key = subkeys[0]"
   ]
  },
  {
   "cell_type": "code",
   "execution_count": 8,
   "metadata": {},
   "outputs": [],
   "source": [
    "num_of_coef = 8"
   ]
  },
  {
   "cell_type": "markdown",
   "metadata": {},
   "source": [
    "## Translated Legendre (LegT)"
   ]
  },
  {
   "cell_type": "markdown",
   "metadata": {},
   "source": [
    "### LegT"
   ]
  },
  {
   "cell_type": "code",
   "execution_count": 9,
   "metadata": {},
   "outputs": [],
   "source": [
    "def test_LegT(N):\n",
    "    legt_matrices = TransMatrix(N=N, measure=\"legt\", lambda_n=1.0)\n",
    "    A, B = legt_matrices.A, legt_matrices.B\n",
    "    gu_legt_matrices = HRTransMatrix(N=N, measure=\"legt\", lambda_n=1.0)\n",
    "    gu_A, gu_B = gu_legt_matrices.A, gu_legt_matrices.B\n",
    "    print(f\"A:\\n\", A)\n",
    "    print(f\"Gu's A:\\n\", gu_A)\n",
    "    print(f\"B:\\n\", B)\n",
    "    print(f\"Gu's B:\\n\", gu_B)\n",
    "    assert jnp.allclose(A, gu_A)\n",
    "    assert jnp.allclose(B, gu_B)"
   ]
  },
  {
   "cell_type": "code",
   "execution_count": 10,
   "metadata": {},
   "outputs": [
    {
     "name": "stdout",
     "output_type": "stream",
     "text": [
      "A:\n",
      " [[ -1.          1.7320508  -2.236068    2.6457512  -3.          3.3166249  -3.6055512   3.8729835]\n",
      " [ -1.7320508  -3.          3.8729832  -4.5825753   5.196152   -5.7445626   6.244998   -6.708204 ]\n",
      " [ -2.236068   -3.8729832  -5.          5.9160795  -6.7082043   7.4161987  -8.062258    8.6602545]\n",
      " [ -2.6457512  -4.5825753  -5.9160795  -6.9999995   7.937254   -8.774964    9.5393915 -10.246951 ]\n",
      " [ -3.         -5.196152   -6.7082043  -7.937254   -9.          9.949875  -10.816654   11.61895  ]\n",
      " [ -3.3166249  -5.7445626  -7.4161987  -8.774964   -9.949875  -11.000001   11.958261  -12.845233 ]\n",
      " [ -3.6055512  -6.244998   -8.062258   -9.5393915 -10.816654  -11.958261  -13.         13.96424  ]\n",
      " [ -3.8729835  -6.708204   -8.6602545 -10.246951  -11.61895   -12.845233  -13.96424   -15.000001 ]]\n",
      "Gu's A:\n",
      " [[ -1.          1.7320508  -2.236068    2.6457512  -3.          3.3166249  -3.6055512   3.8729835]\n",
      " [ -1.7320508  -3.          3.8729832  -4.5825753   5.196152   -5.7445626   6.244998   -6.708204 ]\n",
      " [ -2.236068   -3.8729832  -5.          5.9160795  -6.7082043   7.4161987  -8.062258    8.6602545]\n",
      " [ -2.6457512  -4.5825753  -5.9160795  -6.9999995   7.937254   -8.774964    9.5393915 -10.246951 ]\n",
      " [ -3.         -5.196152   -6.7082043  -7.937254   -9.          9.949875  -10.816654   11.61895  ]\n",
      " [ -3.3166249  -5.7445626  -7.4161987  -8.774964   -9.949875  -11.000001   11.958261  -12.845233 ]\n",
      " [ -3.6055512  -6.244998   -8.062258   -9.5393915 -10.816654  -11.958261  -13.         13.96424  ]\n",
      " [ -3.8729835  -6.708204   -8.6602545 -10.246951  -11.61895   -12.845233  -13.96424   -15.000001 ]]\n",
      "B:\n",
      " [[1.       ]\n",
      " [1.7320508]\n",
      " [2.236068 ]\n",
      " [2.6457512]\n",
      " [3.       ]\n",
      " [3.3166249]\n",
      " [3.6055512]\n",
      " [3.8729835]]\n",
      "Gu's B:\n",
      " [[1.       ]\n",
      " [1.7320508]\n",
      " [2.236068 ]\n",
      " [2.6457512]\n",
      " [3.       ]\n",
      " [3.3166249]\n",
      " [3.6055512]\n",
      " [3.8729835]]\n"
     ]
    }
   ],
   "source": [
    "test_LegT(N=num_of_coef)"
   ]
  },
  {
   "cell_type": "markdown",
   "metadata": {},
   "source": [
    "### LMU"
   ]
  },
  {
   "cell_type": "code",
   "execution_count": 11,
   "metadata": {},
   "outputs": [],
   "source": [
    "def test_LMU(N):\n",
    "    lmu_matrices = TransMatrix(\n",
    "        N=N, measure=\"lmu\", lambda_n=2.0\n",
    "    )  # change lambda so resulting matrix is in the form of LMU\n",
    "    A, B = lmu_matrices.A, lmu_matrices.B\n",
    "    gu_lmu_matrices = HRTransMatrix(\n",
    "        N=N, measure=\"lmu\", lambda_n=2.0\n",
    "    )  # change lambda so resulting matrix is in the form of LMU\n",
    "    gu_A, gu_B = gu_lmu_matrices.A, gu_lmu_matrices.B\n",
    "    print(f\"A:\\n\", A)\n",
    "    print(f\"Gu's A:\\n\", gu_A)\n",
    "    print(f\"B:\\n\", B)\n",
    "    print(f\"Gu's B:\\n\", gu_B)\n",
    "    assert jnp.allclose(A, gu_A)\n",
    "    assert jnp.allclose(B, gu_B)"
   ]
  },
  {
   "cell_type": "code",
   "execution_count": 12,
   "metadata": {},
   "outputs": [
    {
     "name": "stdout",
     "output_type": "stream",
     "text": [
      "A:\n",
      " [[ -1.  -1.  -1.  -1.  -1.  -1.  -1.  -1.]\n",
      " [  3.  -3.  -3.  -3.  -3.  -3.  -3.  -3.]\n",
      " [ -5.   5.  -5.  -5.  -5.  -5.  -5.  -5.]\n",
      " [  7.  -7.   7.  -7.  -7.  -7.  -7.  -7.]\n",
      " [ -9.   9.  -9.   9.  -9.  -9.  -9.  -9.]\n",
      " [ 11. -11.  11. -11.  11. -11. -11. -11.]\n",
      " [-13.  13. -13.  13. -13.  13. -13. -13.]\n",
      " [ 15. -15.  15. -15.  15. -15.  15. -15.]]\n",
      "Gu's A:\n",
      " [[ -1.  -1.  -1.  -1.  -1.  -1.  -1.  -1.]\n",
      " [  3.  -3.  -3.  -3.  -3.  -3.  -3.  -3.]\n",
      " [ -5.   5.  -5.  -5.  -5.  -5.  -5.  -5.]\n",
      " [  7.  -7.   7.  -7.  -7.  -7.  -7.  -7.]\n",
      " [ -9.   9.  -9.   9.  -9.  -9.  -9.  -9.]\n",
      " [ 11. -11.  11. -11.  11. -11. -11. -11.]\n",
      " [-13.  13. -13.  13. -13.  13. -13. -13.]\n",
      " [ 15. -15.  15. -15.  15. -15.  15. -15.]]\n",
      "B:\n",
      " [[  1.]\n",
      " [ -3.]\n",
      " [  5.]\n",
      " [ -7.]\n",
      " [  9.]\n",
      " [-11.]\n",
      " [ 13.]\n",
      " [-15.]]\n",
      "Gu's B:\n",
      " [[  1.]\n",
      " [ -3.]\n",
      " [  5.]\n",
      " [ -7.]\n",
      " [  9.]\n",
      " [-11.]\n",
      " [ 13.]\n",
      " [-15.]]\n"
     ]
    }
   ],
   "source": [
    "test_LMU(N=num_of_coef)"
   ]
  },
  {
   "cell_type": "markdown",
   "metadata": {},
   "source": [
    "## Translated Laguerre (LagT)"
   ]
  },
  {
   "cell_type": "code",
   "execution_count": 13,
   "metadata": {},
   "outputs": [],
   "source": [
    "def test_LagT(N):\n",
    "    lagt_matrices = TransMatrix(\n",
    "        N=N,\n",
    "        measure=\"lagt\",\n",
    "        alpha=0.0,  # change resulting tilt through alpha and beta\n",
    "        beta=1.0,\n",
    "    )  # change resulting tilt through alpha and beta\n",
    "    A, B = lagt_matrices.A, lagt_matrices.B\n",
    "    gu_lagt_matrices = HRTransMatrix(\n",
    "        N=N,\n",
    "        measure=\"lagt\",\n",
    "        alpha=0.0,  # change resulting tilt through alpha and beta\n",
    "        beta=1.0,\n",
    "    )  # change resulting tilt through alpha and beta\n",
    "    gu_A, gu_B = gu_lagt_matrices.A, gu_lagt_matrices.B\n",
    "    print(f\"A:\\n\", A)\n",
    "    print(f\"Gu's A:\\n\", gu_A)\n",
    "    print(f\"B:\\n\", B)\n",
    "    print(f\"Gu's B:\\n\", gu_B)\n",
    "    assert jnp.allclose(A, gu_A)\n",
    "    assert jnp.allclose(B, gu_B)"
   ]
  },
  {
   "cell_type": "code",
   "execution_count": 14,
   "metadata": {},
   "outputs": [
    {
     "name": "stdout",
     "output_type": "stream",
     "text": [
      "A:\n",
      " [[-1.         -0.         -0.         -0.         -0.         -0.         -0.         -0.        ]\n",
      " [-1.         -1.         -0.         -0.         -0.         -0.         -0.         -0.        ]\n",
      " [-1.         -1.         -1.         -0.         -0.         -0.         -0.         -0.        ]\n",
      " [-1.         -1.         -1.         -1.         -0.         -0.         -0.         -0.        ]\n",
      " [-1.         -1.         -1.         -1.         -1.         -0.         -0.         -0.        ]\n",
      " [-1.         -1.         -1.         -1.         -1.         -1.         -0.         -0.        ]\n",
      " [-1.         -1.         -1.         -1.         -1.         -1.         -1.         -0.        ]\n",
      " [-0.99999976 -0.99999976 -0.99999976 -0.99999976 -0.99999976 -0.99999976 -0.99999976 -1.        ]]\n",
      "Gu's A:\n",
      " [[-1.         -0.         -0.         -0.         -0.         -0.         -0.         -0.        ]\n",
      " [-1.         -1.         -0.         -0.         -0.         -0.         -0.         -0.        ]\n",
      " [-1.         -1.         -1.         -0.         -0.         -0.         -0.         -0.        ]\n",
      " [-1.         -1.         -1.         -1.         -0.         -0.         -0.         -0.        ]\n",
      " [-1.         -1.         -1.         -1.         -1.         -0.         -0.         -0.        ]\n",
      " [-1.         -1.         -1.         -1.         -1.         -1.         -0.         -0.        ]\n",
      " [-1.         -1.         -1.         -1.         -1.         -1.         -1.         -0.        ]\n",
      " [-0.99999976 -0.99999976 -0.99999976 -0.99999976 -0.99999976 -0.99999976 -0.99999976 -1.        ]]\n",
      "B:\n",
      " [[1.        ]\n",
      " [1.        ]\n",
      " [1.        ]\n",
      " [1.        ]\n",
      " [1.        ]\n",
      " [1.        ]\n",
      " [1.        ]\n",
      " [0.99999976]]\n",
      "Gu's B:\n",
      " [[1.        ]\n",
      " [1.        ]\n",
      " [1.        ]\n",
      " [1.        ]\n",
      " [1.        ]\n",
      " [1.        ]\n",
      " [1.        ]\n",
      " [0.99999976]]\n"
     ]
    }
   ],
   "source": [
    "test_LagT(N=num_of_coef)"
   ]
  },
  {
   "cell_type": "markdown",
   "metadata": {},
   "source": [
    "## Scaled Legendre (LegS)"
   ]
  },
  {
   "cell_type": "code",
   "execution_count": 15,
   "metadata": {},
   "outputs": [],
   "source": [
    "def test_LegS(N):\n",
    "    legs_matrices = TransMatrix(N=N, measure=\"legs\")\n",
    "    A, B = legs_matrices.A, legs_matrices.B\n",
    "    gu_legs_matrices = HRTransMatrix(N=N, measure=\"legs\")\n",
    "    gu_A, gu_B = gu_legs_matrices.A, gu_legs_matrices.B\n",
    "    print(f\"A:\\n\", A)\n",
    "    print(f\"Gu's A:\\n\", gu_A)\n",
    "    print(f\"B:\\n\", B)\n",
    "    print(f\"Gu's B:\\n\", gu_B)\n",
    "    assert jnp.allclose(A, gu_A)\n",
    "    assert jnp.allclose(B, gu_B)"
   ]
  },
  {
   "cell_type": "code",
   "execution_count": 16,
   "metadata": {},
   "outputs": [
    {
     "name": "stdout",
     "output_type": "stream",
     "text": [
      "A:\n",
      " [[ -1.         -0.         -0.         -0.         -0.         -0.         -0.         -0.       ]\n",
      " [ -1.7320508  -2.         -0.         -0.         -0.         -0.         -0.         -0.       ]\n",
      " [ -2.236068   -3.8729832  -3.         -0.         -0.         -0.         -0.         -0.       ]\n",
      " [ -2.6457512  -4.5825753  -5.9160795  -4.         -0.         -0.         -0.         -0.       ]\n",
      " [ -3.         -5.196152   -6.7082043  -7.937254   -5.         -0.         -0.         -0.       ]\n",
      " [ -3.3166249  -5.7445626  -7.4161987  -8.774964   -9.949875   -6.         -0.         -0.       ]\n",
      " [ -3.6055512  -6.244998   -8.062258   -9.5393915 -10.816654  -11.958261   -7.         -0.       ]\n",
      " [ -3.8729835  -6.708204   -8.6602545 -10.246951  -11.61895   -12.845233  -13.96424    -8.       ]]\n",
      "Gu's A:\n",
      " [[ -1.          0.          0.          0.          0.          0.          0.          0.       ]\n",
      " [ -1.7320508  -1.9999999   0.          0.          0.          0.          0.          0.       ]\n",
      " [ -2.236068   -3.8729835  -3.          0.          0.          0.          0.          0.       ]\n",
      " [ -2.6457512  -4.582576   -5.9160795  -4.          0.          0.          0.          0.       ]\n",
      " [ -3.         -5.196152   -6.708204   -7.9372544  -5.          0.          0.          0.       ]\n",
      " [ -3.3166249  -5.7445626  -7.4161983  -8.774965   -9.949875   -6.0000005   0.          0.       ]\n",
      " [ -3.6055512  -6.244998   -8.062258   -9.539392  -10.816654  -11.958261   -7.          0.       ]\n",
      " [ -3.8729835  -6.708204   -8.6602545 -10.246951  -11.61895   -12.845233  -13.964241   -8.       ]]\n",
      "B:\n",
      " [[1.       ]\n",
      " [1.7320508]\n",
      " [2.236068 ]\n",
      " [2.6457512]\n",
      " [3.       ]\n",
      " [3.3166249]\n",
      " [3.6055512]\n",
      " [3.8729835]]\n",
      "Gu's B:\n",
      " [[1.       ]\n",
      " [1.7320508]\n",
      " [2.236068 ]\n",
      " [2.6457512]\n",
      " [3.       ]\n",
      " [3.3166249]\n",
      " [3.6055512]\n",
      " [3.8729835]]\n"
     ]
    }
   ],
   "source": [
    "test_LegS(N=num_of_coef)"
   ]
  },
  {
   "cell_type": "markdown",
   "metadata": {},
   "source": [
    "## Fourier Basis"
   ]
  },
  {
   "cell_type": "markdown",
   "metadata": {},
   "source": [
    "### Fourier Recurrent Unit (FRU)"
   ]
  },
  {
   "cell_type": "code",
   "execution_count": 17,
   "metadata": {},
   "outputs": [],
   "source": [
    "def test_FRU(N):\n",
    "    fru_matrices = TransMatrix(N=N, measure=\"fru\")\n",
    "    A, B = fru_matrices.A, fru_matrices.B\n",
    "    gu_fru_matrices = HRTransMatrix(N=N, measure=\"fru\")\n",
    "    gu_A, gu_B = gu_fru_matrices.A, gu_fru_matrices.B\n",
    "    print(f\"A:\\n\", A)\n",
    "    print(f\"Gu's A:\\n\", gu_A)\n",
    "    print(f\"B:\\n\", B)\n",
    "    print(f\"Gu's B:\\n\", gu_B)\n",
    "    assert jnp.allclose(A, gu_A)\n",
    "    assert jnp.allclose(B, gu_B)"
   ]
  },
  {
   "cell_type": "code",
   "execution_count": 18,
   "metadata": {},
   "outputs": [
    {
     "name": "stdout",
     "output_type": "stream",
     "text": [
      "A:\n",
      " [[-1.        -0.        -1.4142135  0.        -1.4142135  0.        -1.4142135  0.       ]\n",
      " [ 0.         0.         0.         0.         0.         0.         0.         0.       ]\n",
      " [-1.4142135  0.        -2.        -3.1415927 -2.         0.        -2.         0.       ]\n",
      " [ 0.         0.         3.1415927  0.         0.         0.         0.         0.       ]\n",
      " [-1.4142135  0.        -2.         0.        -2.        -6.2831855 -2.         0.       ]\n",
      " [ 0.         0.         0.         0.         6.2831855  0.         0.         0.       ]\n",
      " [-1.4142135  0.        -2.         0.        -2.         0.        -2.        -9.424778 ]\n",
      " [ 0.         0.         0.         0.         0.         0.         9.424778   0.       ]]\n",
      "Gu's A:\n",
      " [[-1.         0.        -1.4142135  0.        -1.4142135  0.        -1.4142135  0.       ]\n",
      " [ 0.         0.         0.         0.         0.         0.         0.         0.       ]\n",
      " [-1.4142135  0.        -1.9999999 -3.1415927 -1.9999999  0.        -1.9999999  0.       ]\n",
      " [ 0.         0.         3.1415927  0.         0.         0.         0.         0.       ]\n",
      " [-1.4142135  0.        -1.9999999  0.        -1.9999999 -6.2831855 -1.9999999  0.       ]\n",
      " [ 0.         0.         0.         0.         6.2831855  0.         0.         0.       ]\n",
      " [-1.4142135  0.        -1.9999999  0.        -1.9999999  0.        -1.9999999 -9.424778 ]\n",
      " [ 0.         0.         0.         0.         0.         0.         9.424778   0.       ]]\n",
      "B:\n",
      " [[1.       ]\n",
      " [0.       ]\n",
      " [1.4142135]\n",
      " [0.       ]\n",
      " [1.4142135]\n",
      " [0.       ]\n",
      " [1.4142135]\n",
      " [0.       ]]\n",
      "Gu's B:\n",
      " [[1.       ]\n",
      " [0.       ]\n",
      " [1.4142135]\n",
      " [0.       ]\n",
      " [1.4142135]\n",
      " [0.       ]\n",
      " [1.4142135]\n",
      " [0.       ]]\n"
     ]
    }
   ],
   "source": [
    "test_FRU(N=num_of_coef)"
   ]
  },
  {
   "cell_type": "markdown",
   "metadata": {},
   "source": [
    "### Truncated Fourier (FouT)"
   ]
  },
  {
   "cell_type": "code",
   "execution_count": 19,
   "metadata": {},
   "outputs": [],
   "source": [
    "def test_FouT(N):\n",
    "    fout_matrices = TransMatrix(N=N, measure=\"fout\")\n",
    "    A, B = fout_matrices.A, fout_matrices.B\n",
    "    gu_fout_matrices = HRTransMatrix(N=N, measure=\"fout\")\n",
    "    gu_A, gu_B = gu_fout_matrices.A, gu_fout_matrices.B\n",
    "    print(f\"A:\\n\", A)\n",
    "    print(f\"Gu's A:\\n\", gu_A)\n",
    "    print(f\"B:\\n\", B)\n",
    "    print(f\"Gu's B:\\n\", gu_B)\n",
    "    assert jnp.allclose(A, gu_A)\n",
    "    assert jnp.allclose(B, gu_B)"
   ]
  },
  {
   "cell_type": "code",
   "execution_count": 20,
   "metadata": {},
   "outputs": [
    {
     "name": "stdout",
     "output_type": "stream",
     "text": [
      "A:\n",
      " [[ -2.         -0.         -2.828427    0.         -2.828427    0.         -2.828427    0.       ]\n",
      " [  0.          0.          0.          0.          0.          0.          0.          0.       ]\n",
      " [ -2.828427    0.         -4.         -6.2831855  -4.          0.         -4.          0.       ]\n",
      " [  0.          0.          6.2831855   0.          0.          0.          0.          0.       ]\n",
      " [ -2.828427    0.         -4.          0.         -4.        -12.566371   -4.          0.       ]\n",
      " [  0.          0.          0.          0.         12.566371    0.          0.          0.       ]\n",
      " [ -2.828427    0.         -4.          0.         -4.          0.         -4.        -18.849556 ]\n",
      " [  0.          0.          0.          0.          0.          0.         18.849556    0.       ]]\n",
      "Gu's A:\n",
      " [[ -2.          0.         -2.828427    0.         -2.828427    0.         -2.828427    0.       ]\n",
      " [  0.          0.          0.          0.          0.          0.          0.          0.       ]\n",
      " [ -2.828427    0.         -3.9999998  -6.2831855  -3.9999998   0.         -3.9999998   0.       ]\n",
      " [  0.          0.          6.2831855   0.          0.          0.          0.          0.       ]\n",
      " [ -2.828427    0.         -3.9999998   0.         -3.9999998 -12.566371   -3.9999998   0.       ]\n",
      " [  0.          0.          0.          0.         12.566371    0.          0.          0.       ]\n",
      " [ -2.828427    0.         -3.9999998   0.         -3.9999998   0.         -3.9999998 -18.849556 ]\n",
      " [  0.          0.          0.          0.          0.          0.         18.849556    0.       ]]\n",
      "B:\n",
      " [[2.      ]\n",
      " [0.      ]\n",
      " [2.828427]\n",
      " [0.      ]\n",
      " [2.828427]\n",
      " [0.      ]\n",
      " [2.828427]\n",
      " [0.      ]]\n",
      "Gu's B:\n",
      " [[2.      ]\n",
      " [0.      ]\n",
      " [2.828427]\n",
      " [0.      ]\n",
      " [2.828427]\n",
      " [0.      ]\n",
      " [2.828427]\n",
      " [0.      ]]\n"
     ]
    }
   ],
   "source": [
    "test_FouT(N=num_of_coef)"
   ]
  },
  {
   "cell_type": "markdown",
   "metadata": {},
   "source": [
    "### Fourier With Decay (FourD)"
   ]
  },
  {
   "cell_type": "code",
   "execution_count": 21,
   "metadata": {},
   "outputs": [],
   "source": [
    "def test_FouD(N):\n",
    "    the_measure = \"foud\"\n",
    "    foud_matrices = TransMatrix(N=N, measure=\"foud\")\n",
    "    A, B = foud_matrices.A, foud_matrices.B\n",
    "    gu_foud_matrices = HRTransMatrix(N=N, measure=\"foud\")\n",
    "    gu_A, gu_B = gu_foud_matrices.A, gu_foud_matrices.B\n",
    "    print(f\"A:\\n\", A)\n",
    "    print(f\"Gu's A:\\n\", gu_A)\n",
    "    print(f\"B:\\n\", B)\n",
    "    print(f\"Gu's B:\\n\", gu_B)\n",
    "    assert jnp.allclose(A, gu_A)\n",
    "    assert jnp.allclose(B, gu_B)"
   ]
  },
  {
   "cell_type": "code",
   "execution_count": 22,
   "metadata": {},
   "outputs": [
    {
     "name": "stdout",
     "output_type": "stream",
     "text": [
      "A:\n",
      " [[-0.5        -0.         -0.70710677  0.         -0.70710677  0.         -0.70710677  0.        ]\n",
      " [ 0.          0.          0.          0.          0.          0.          0.          0.        ]\n",
      " [-0.70710677  0.         -1.         -3.1415927  -1.          0.         -1.          0.        ]\n",
      " [ 0.          0.          3.1415927   0.          0.          0.          0.          0.        ]\n",
      " [-0.70710677  0.         -1.          0.         -1.         -6.2831855  -1.          0.        ]\n",
      " [ 0.          0.          0.          0.          6.2831855   0.          0.          0.        ]\n",
      " [-0.70710677  0.         -1.          0.         -1.          0.         -1.         -9.424778  ]\n",
      " [ 0.          0.          0.          0.          0.          0.          9.424778    0.        ]]\n",
      "Gu's A:\n",
      " [[-0.5         0.         -0.70710677  0.         -0.70710677  0.         -0.70710677  0.        ]\n",
      " [ 0.          0.          0.          0.          0.          0.          0.          0.        ]\n",
      " [-0.70710677  0.         -0.99999994 -3.1415927  -0.99999994  0.         -0.99999994  0.        ]\n",
      " [ 0.          0.          3.1415927   0.          0.          0.          0.          0.        ]\n",
      " [-0.70710677  0.         -0.99999994  0.         -0.99999994 -6.2831855  -0.99999994  0.        ]\n",
      " [ 0.          0.          0.          0.          6.2831855   0.          0.          0.        ]\n",
      " [-0.70710677  0.         -0.99999994  0.         -0.99999994  0.         -0.99999994 -9.424778  ]\n",
      " [ 0.          0.          0.          0.          0.          0.          9.424778    0.        ]]\n",
      "B:\n",
      " [[0.5       ]\n",
      " [0.        ]\n",
      " [0.70710677]\n",
      " [0.        ]\n",
      " [0.70710677]\n",
      " [0.        ]\n",
      " [0.70710677]\n",
      " [0.        ]]\n",
      "Gu's B:\n",
      " [[0.5       ]\n",
      " [0.        ]\n",
      " [0.70710677]\n",
      " [0.        ]\n",
      " [0.70710677]\n",
      " [0.        ]\n",
      " [0.70710677]\n",
      " [0.        ]]\n"
     ]
    }
   ],
   "source": [
    "test_FouD(N=num_of_coef)"
   ]
  }
 ],
 "metadata": {
  "kernelspec": {
   "display_name": "s4mer-pkg-jZnBSgjq-py3.8",
   "language": "python",
   "name": "python3"
  },
  "language_info": {
   "codemirror_mode": {
    "name": "ipython",
    "version": 3
   },
   "file_extension": ".py",
   "mimetype": "text/x-python",
   "name": "python",
   "nbconvert_exporter": "python",
   "pygments_lexer": "ipython3",
   "version": "3.8.13"
  },
  "orig_nbformat": 4,
  "vscode": {
   "interpreter": {
    "hash": "0a81e05d1d7f7eae781698b7c1b81c0d771335201ebad1d81045cb177cef974b"
   }
  }
 },
 "nbformat": 4,
 "nbformat_minor": 2
}
